treble_boost;6;boosting starts at < 1000 and goes upto the half sampling frequency
16000
2.074065e+00;-1.076020e+00;-1.625923e+00;9.992382e-01;3.885715e-01;-1.628855e-01;-2.942079e-02;
1;1.177207e-01;-8.270896e-01;-1.522195e-02;2.456364e-01;4.709797e-02;-3.561074e-04;
11025
1.977268e+00;-1.557668e+00;-4.488211e-01;9.736839e-01;-1.747690e-01;-2.215282e-02;-1.248982e-03;
1;-1.188976e-01;-4.732992e-01;2.302475e-01;9.370679e-02;1.062350e-02;4.855676e-03;
22050
2.135595e+00;-1.369049e+00;-1.557444e+00;1.004367e+00;3.538787e-01;-1.274301e-01;-3.730539e-02;
1;-3.002088e-02;-8.411574e-01;8.852583e-03;2.217380e-01;4.468168e-02;-1.551890e-03;
44100
2.218615e+00;-1.512153e+00;-1.778423e+00;1.216381e+00;3.113040e-01;-2.043128e-01;2.499756e-03;
1;-1.065839e-01;-9.325215e-01;7.295217e-02;2.255419e-01;4.389880e-05;-5.279099e-03;
48000
2.225599e+00;-1.400699e+00;-1.587934e+00;7.232255e-01;2.698523e-01;-5.290089e-03;-2.569037e-02;
1;-5.798532e-02;-8.146729e-01;-8.237585e-02;1.107002e-01;3.928322e-02;3.743643e-03;
